<?xml version="1.0" encoding="UTF-8" standalone="no" ?>
<SimMechanicsImportXML version="1.0" xmlns="urn:mathworks:simmechanics:import" xmlns:xsi="http://www.w3.org/2001/XMLSchema-instance">
<Created by="" on="06/20/24||10:14:34" using="SimMechanics Link Version 4.6" from="SolidWorks 24.0.0"/>
<ModelUnits mass="kilogram" length="millimeter"/>
<DataUnits mass="kilogram" length="meter"/>
<RootAssembly name="Assem4" uid="Assem4" version="266">
<AssemblyFile name="Assem4.SLDASM" type="SolidWorks Assembly"/>
<InstanceTree>
<Instance name="q7-1" uid="q7-1" entityUid="q7*:*Default">
<Transform>
<Rotation>-0.081532261162807873 -0.045434815564068559 0.99563455540893042 -0.86971047398869261 -0.48465643435190503 -0.093337195563511721 0.48678145180773219 -0.87352379370911049 -1.2166103531603005e-016</Rotation>
<Translation>0.025082029420403353 0.13104307098020984 0.078521074820452549</Translation>
</Transform>
</Instance>
<Instance name="q1-1" uid="q1-1" entityUid="q1*:*Default">
<Transform>
<Rotation>1.0474444016529353e-014 -6.9829626776863393e-015 1 6.9829626776863393e-015 1 6.9829626776862667e-015 -1 6.9829626776862667e-015 1.04744440165294e-014</Rotation>
<Translation>0.015336613147832632 0.044995690726122708 0.065711328148403997</Translation>
</Transform>
</Instance>
<Instance name="q2-1" uid="q2-1" entityUid="q2*:*Default">
<Transform>
<Rotation>-0.99563455540893087 0.093337195563510875 -1.1905106417156151e-016 0.093337195563510875 0.99563455540893087 0 1.2121273119468382e-016 0 -1</Rotation>
<Translation>0.020336613148019315 0.058995690726193359 0.070832597818276777</Translation>
</Transform>
</Instance>
<Instance name="In1-1" uid="In1-1" entityUid="In1*:*Default">
<Transform>
<Rotation>-0.99563455540893064 0.093336124256818656 -0.000447196127889769 0.093337195563510944 0.99562312770365347 -0.0047702731508475257 1.0443920285893085e-016 -0.0047911888201673265 -0.9999885221889746</Rotation>
<Translation>0.022874073299911347 0.086062960049758941 0.095140201687328368</Translation>
</Transform>
</Instance>
<Instance name="base-1" uid="base-1" entityUid="base*:*Default">
<Transform>
<Rotation>-1 -1.6653345369377348e-016 -1.1904767972178853e-016 -1.6653345369377348e-016 1 0 1.1904767972178846e-016 0 -0.99999999999999978</Rotation>
<Translation>0.049015355531378431 0.037071713794352104 0.075832597818276781</Translation>
</Transform>
</Instance>
<Instance name="palm-1" uid="palm-1" grounded="true" entityUid="palm*:*Default">
<Transform>
<Rotation>1 0 0 0 1 0 0 0 1</Rotation>
<Translation>0.049015355531378438 0.03707171379435209 0.095832597818276771</Translation>
</Transform>
</Instance>
<Instance name="q6-1" uid="q6-1" entityUid="q6*:*Default">
<Transform>
<Rotation>-0.99563455540893053 -0.079914525456480631 0.04822344550865823 0.093337195563510555 -0.85245397125136024 0.51440294985752555 1.3740720207258006e-015 0.51665839344662789 0.85619162836432228</Rotation>
<Translation>0.025674645097183042 0.11593686015387729 0.052127369673429139</Translation>
</Transform>
</Instance>
<Instance name="I2-1" uid="I2-1" entityUid="I2*:*Default">
<Transform>
<Rotation>-0.99563455540893286 0.088558856610655753 -0.029481536450291727 0.093337195563486727 0.94466367129171724 -0.31448166252740029 8.4864470507932133e-015 -0.31586053418790322 -0.94880562969584681</Rotation>
<Translation>0.026231785139337258 0.12187991291888815 0.094812184217109644</Translation>
</Transform>
</Instance>
<Instance name="I3-1" uid="I3-1" entityUid="I3*:*Default">
<Transform>
<Rotation>-0.99563455540893386 0.091665787239079949 0.017584525171134863 0.093337195563475903 0.97780552300740564 0.18757539044490693 1.1768202601634072e-014 0.18839783073606117 -0.98209279468589228</Rotation>
<Translation>0.028420742363025112 0.14522967652566188 0.087262558205161073</Translation>
</Transform>
</Instance>
<Instance name="q4-1" uid="q4-1" entityUid="q4*:*Default">
<Transform>
<Rotation>0.99563455540893087 0.093336124256817921 0.00044719612789060535 -0.093337195563510097 0.99562312770365347 0.0047702731508478154 -9.1312998791317725e-016 -0.004791188820167696 0.99998852218897472</Rotation>
<Translation>0.024731701530853478 0.10587841354242676 0.080544678312748752</Translation>
</Transform>
</Instance>
<Instance name="q5-1" uid="q5-1" entityUid="q5*:*Default">
<Transform>
<Rotation>-0.9956345554089272 0.093336124256857264 -0.00044719612789002932 0.093337195563549788 0.9956231277036498 -0.0047702731508475812 1.7256354732086481e-016 -0.0047911888201674054 -0.99998852218897472</Rotation>
<Translation>0.024611711898129343 0.10459847552940206 0.087550918041882253</Translation>
</Transform>
</Instance>
<Instance name="q3-1" uid="q3-1" entityUid="q3*:*Default">
<Transform>
<Rotation>0.99563455540893075 0.041014530471621131 0.083842950603217115 -0.093337195563510694 0.4375049364284036 0.89435876387785096 -7.6056583313652754e-016 -0.89828015612667911 0.43942321412168128</Rotation>
<Translation>0.022215729070272631 0.079040354962583576 0.065832597818277522</Translation>
</Transform>
</Instance>
<Instance name="fix-1" uid="fix-1" entityUid="fix*:*Default">
<Transform>
<Rotation>0.99563455540893075 -0.088558856610680664 -0.029481536450292868 -0.093337195563510666 -0.94466367129171513 -0.31448166252740006 -1.7118359955883953e-015 0.31586053418790305 -0.94880562969584692</Rotation>
<Translation>0.027253411487975703 0.13277767440915653 0.084317658305712043</Translation>
</Transform>
</Instance>
<Instance name="mid-2" uid="mid-2" entityUid="mid*:*Default">
<Transform>
<Rotation>0.093337195563511333 0.99563455540893064 0 0.99563455540893064 -0.093337195563511333 6.2727525732140226e-016 6.2104334023702689e-016 0 -0.99999999999999989</Rotation>
<Translation>0.022687401051392379 0.084071713794348316 0.10864978406496864</Translation>
</Transform>
</Instance>
</InstanceTree>
<Constraints>
<Concentric name="Concentric1">
<ConstraintGeometry geomType="cylinder">
<InstancePath>
<Uid>palm-1</Uid>
</InstancePath>
<Position>-0.033000000000000002 0.039047009932361168 -0.0035111461868144317</Position>
<Axis>0 1 0</Axis>
</ConstraintGeometry>
<ConstraintGeometry geomType="cylinder">
<InstancePath>
<Uid>Assem4</Uid>
</InstancePath>
<Position>0.016015355531379012 0.091118723726713258 0.092321451631462922</Position>
<Axis>0 -1 0</Axis>
</ConstraintGeometry>
</Concentric>
<Coincident name="Coincident1">
<ConstraintGeometry geomType="plane">
<InstancePath>
<Uid>palm-1</Uid>
</InstancePath>
<Position>-0.033000000000000002 0.039047009932361168 -0.0035111461868144317</Position>
<Axis>0 1 0</Axis>
</ConstraintGeometry>
<ConstraintGeometry geomType="plane">
<InstancePath>
<Uid>Assem4</Uid>
</InstancePath>
<Position>0.016015355531379012 0.076118723726713258 0.092321451631462922</Position>
<Axis>0 -1 0</Axis>
</ConstraintGeometry>
</Coincident>
<Concentric name="Concentric5">
<ConstraintGeometry geomType="cylinder">
<InstancePath>
<Uid>In1-1</Uid>
</InstancePath>
<Position>-0.0045000000000000005 -0.0020000000000000018 0</Position>
<Axis>1 0 0</Axis>
</ConstraintGeometry>
<ConstraintGeometry geomType="cylinder">
<InstancePath>
<Uid>Assem4</Uid>
</InstancePath>
<Position>0.02101535553137818 0.089618723726713437 0.092321451631448059</Position>
<Axis>-1 0 4.9613091412936673e-016</Axis>
</ConstraintGeometry>
</Concentric>
<Distance name="Distance3">
<ConstraintGeometry geomType="plane">
<InstancePath>
<Uid>Assem4</Uid>
</InstancePath>
<Position>0.02101535553137818 0.089618723726713437 0.092321451631448059</Position>
<Axis>1 0 -4.9613091412936673e-016</Axis>
</ConstraintGeometry>
<ConstraintGeometry geomType="plane">
<InstancePath>
<Uid>In1-1</Uid>
</InstancePath>
<Position>-0.0045000000000000005 -0.0020000000000000018 0</Position>
<Axis>-1 0 0</Axis>
</ConstraintGeometry>
</Distance>
<Concentric name="Concentric6">
<ConstraintGeometry geomType="cylinder">
<InstancePath>
<Uid>In1-1</Uid>
</InstancePath>
<Position>0 0.0206529340385148 0.0075062740497337938</Position>
<Axis>0 0 -1</Axis>
</ConstraintGeometry>
<ConstraintGeometry geomType="cylinder">
<InstancePath>
<Uid>q5-1</Uid>
</InstancePath>
<Position>0 0.0020000000000000018 -0.0074999999999999928</Position>
<Axis>0 0 1</Axis>
</ConstraintGeometry>
</Concentric>
<Concentric name="Concentric7">
<ConstraintGeometry geomType="cylinder">
<InstancePath>
<Uid>In1-1</Uid>
</InstancePath>
<Position>0 0.016652934038514783 0.0075062740497337938</Position>
<Axis>0 0 -1</Axis>
</ConstraintGeometry>
<ConstraintGeometry geomType="cylinder">
<InstancePath>
<Uid>q5-1</Uid>
</InstancePath>
<Position>0 -0.0020000000000000157 -0.0074999999999999789</Position>
<Axis>0 0 1</Axis>
</ConstraintGeometry>
</Concentric>
<Coincident name="Coincident4">
<ConstraintGeometry geomType="plane">
<InstancePath>
<Uid>In1-1</Uid>
</InstancePath>
<Position>0 0.0206529340385148 0</Position>
<Axis>0 0 1</Axis>
</ConstraintGeometry>
<ConstraintGeometry geomType="plane">
<InstancePath>
<Uid>q5-1</Uid>
</InstancePath>
<Position>0 0.0020000000000000018 -0.0074999999999999928</Position>
<Axis>0 0 -1</Axis>
</ConstraintGeometry>
</Coincident>
<Coincident name="Coincident5">
<ConstraintGeometry geomType="plane">
<InstancePath>
<Uid>q5-1</Uid>
</InstancePath>
<Position>0.0010000000000000026 0 0.0060000000000000192</Position>
<Axis>1.0000000000000002 3.3224296723656509e-016 0</Axis>
</ConstraintGeometry>
<ConstraintGeometry geomType="plane">
<InstancePath>
<Uid>q4-1</Uid>
</InstancePath>
<Position>-0.0010000000000000026 0.0025000000000000022 0.00099999999999998701</Position>
<Axis>1.0000000000000002 1.5703064407540849e-016 0</Axis>
</ConstraintGeometry>
</Coincident>
<Coincident name="Coincident6">
<ConstraintGeometry geomType="plane">
<InstancePath>
<Uid>q5-1</Uid>
</InstancePath>
<Position>0 0 0.0020000000000000018</Position>
<Axis>0 0 1</Axis>
</ConstraintGeometry>
<ConstraintGeometry geomType="plane">
<InstancePath>
<Uid>q4-1</Uid>
</InstancePath>
<Position>0 0 0.0050000000000000044</Position>
<Axis>0 0 1</Axis>
</ConstraintGeometry>
</Coincident>
<Coincident name="Coincident7">
<ConstraintGeometry geomType="plane">
<InstancePath>
<Uid>palm-1</Uid>
</InstancePath>
<Position>-0.014999999999999999 0 0</Position>
<Axis>0 0 -1</Axis>
</ConstraintGeometry>
<ConstraintGeometry geomType="plane">
<InstancePath>
<Uid>base-1</Uid>
</InstancePath>
<Position>0.015000000000000006 0 -0.01999999999999999</Position>
<Axis>0 0 -0.99999999999999978</Axis>
</ConstraintGeometry>
</Coincident>
<Concentric name="Concentric8">
<ConstraintGeometry geomType="cylinder">
<InstancePath>
<Uid>palm-1</Uid>
</InstancePath>
<Position>0.014999999999999999 0 -0.018994421611140622</Position>
<Axis>0 0 1</Axis>
</ConstraintGeometry>
<ConstraintGeometry geomType="cylinder">
<InstancePath>
<Uid>base-1</Uid>
</InstancePath>
<Position>-0.014999999999999993 0 -0.019999999999999976</Position>
<Axis>0 0 0.99999999999999978</Axis>
</ConstraintGeometry>
</Concentric>
<Concentric name="Concentric9">
<ConstraintGeometry geomType="cylinder">
<InstancePath>
<Uid>palm-1</Uid>
</InstancePath>
<Position>-0.014999999999999999 0 -0.018994421611140622</Position>
<Axis>0 0 1</Axis>
</ConstraintGeometry>
<ConstraintGeometry geomType="cylinder">
<InstancePath>
<Uid>base-1</Uid>
</InstancePath>
<Position>0.015000000000000006 0 -0.01999999999999999</Position>
<Axis>0 0 0.99999999999999978</Axis>
</ConstraintGeometry>
</Concentric>
<Concentric name="Concentric10">
<ConstraintGeometry geomType="cylinder">
<InstancePath>
<Uid>q3-1</Uid>
</InstancePath>
<Position>-0.002 0 0.029999999999999999</Position>
<Axis>1.0000000000000002 2.2673196635891416e-016 0</Axis>
</ConstraintGeometry>
<ConstraintGeometry geomType="cylinder">
<InstancePath>
<Uid>q6-1</Uid>
</InstancePath>
<Position>-0.00099999999999999915 0.022547863431336565 0.017797863431336561</Position>
<Axis>1 0 0</Axis>
</ConstraintGeometry>
</Concentric>
<Coincident name="Coincident8">
<ConstraintGeometry geomType="plane">
<InstancePath>
<Uid>q3-1</Uid>
</InstancePath>
<Position>0.00099999999999999568 0.0025000000000000022 0.026999999999999996</Position>
<Axis>-1.0000000000000002 -1.4286613203910989e-016 0</Axis>
</ConstraintGeometry>
<ConstraintGeometry geomType="plane">
<InstancePath>
<Uid>q6-1</Uid>
</InstancePath>
<Position>-0.00099999999999999915 0.022547863431336565 0.017797863431336561</Position>
<Axis>-1 0 0</Axis>
</ConstraintGeometry>
</Coincident>
<Concentric name="Concentric11">
<ConstraintGeometry geomType="cylinder">
<InstancePath>
<Uid>q4-1</Uid>
</InstancePath>
<Position>0.0010000000000000009 0 -0.0015294016250023967</Position>
<Axis>1.0000000000000002 1.5703064407540849e-016 0</Axis>
</ConstraintGeometry>
<ConstraintGeometry geomType="cylinder">
<InstancePath>
<Uid>q3-1</Uid>
</InstancePath>
<Position>-0.002 0 0.029999999999999999</Position>
<Axis>1.0000000000000002 2.2673196635891416e-016 0</Axis>
</ConstraintGeometry>
</Concentric>
<Coincident name="Coincident9">
<ConstraintGeometry geomType="plane">
<InstancePath>
<Uid>q4-1</Uid>
</InstancePath>
<Position>0.0020000000000000018 0.0025001728851326843 0</Position>
<Axis>-1.0000000000000002 -2.6805543537717066e-016 0</Axis>
</ConstraintGeometry>
<ConstraintGeometry geomType="plane">
<InstancePath>
<Uid>q3-1</Uid>
</InstancePath>
<Position>0.0019999999999999966 0.0020000000000000157 0.029999999999999999</Position>
<Axis>1.0000000000000002 2.2673196635891406e-016 0</Axis>
</ConstraintGeometry>
</Coincident>
<Concentric name="Concentric12">
<ConstraintGeometry geomType="cylinder">
<InstancePath>
<Uid>I2-1</Uid>
</InstancePath>
<Position>0.019999999999999997 0.024199999999999972 0</Position>
<Axis>-1 0 0</Axis>
</ConstraintGeometry>
<ConstraintGeometry geomType="cylinder">
<InstancePath>
<Uid>I3-1</Uid>
</InstancePath>
<Position>0.019999999999999997 -0.00050000000000000044 0</Position>
<Axis>-1.0000000000000002 0 0</Axis>
</ConstraintGeometry>
</Concentric>
<Coincident name="Coincident10">
<ConstraintGeometry geomType="plane">
<InstancePath>
<Uid>I2-1</Uid>
</InstancePath>
<Position>-0.0015000000000000013 0.024199999999999999 0</Position>
<Axis>-1 0 0</Axis>
</ConstraintGeometry>
<ConstraintGeometry geomType="plane">
<InstancePath>
<Uid>I3-1</Uid>
</InstancePath>
<Position>-0.0014999999999999996 -0.00050000000000000044 1.3662480868870119e-011</Position>
<Axis>1.0000000000000002 0 0</Axis>
</ConstraintGeometry>
</Coincident>
<Concentric name="Concentric13">
<ConstraintGeometry geomType="cylinder">
<InstancePath>
<Uid>In1-1</Uid>
</InstancePath>
<Position>0.0014999999999999979 0.035500000000000018 0</Position>
<Axis>-1 0 0</Axis>
</ConstraintGeometry>
<ConstraintGeometry geomType="cylinder">
<InstancePath>
<Uid>I2-1</Uid>
</InstancePath>
<Position>0.019999999999999997 -0.00050000000000001432 0</Position>
<Axis>-1 0 0</Axis>
</ConstraintGeometry>
</Concentric>
<Coincident name="Coincident11">
<ConstraintGeometry geomType="plane">
<InstancePath>
<Uid>In1-1</Uid>
</InstancePath>
<Position>0.0014999999999999979 0.035500000000000018 0</Position>
<Axis>1 0 0</Axis>
</ConstraintGeometry>
<ConstraintGeometry geomType="plane">
<InstancePath>
<Uid>I2-1</Uid>
</InstancePath>
<Position>0.0014999999999999961 -0.00050000000000000044 1.3662487807764023e-011</Position>
<Axis>-1 0 0</Axis>
</ConstraintGeometry>
</Coincident>
<Coincident name="Coincident12">
<ConstraintGeometry geomType="plane">
<InstancePath>
<Uid>base-1</Uid>
</InstancePath>
<Position>0 0.0079239769318221603 0</Position>
<Axis>-1.3344026738283133e-016 1 0</Axis>
</ConstraintGeometry>
<ConstraintGeometry geomType="plane">
<InstancePath>
<Uid>q1-1</Uid>
</InstancePath>
<Position>-0.0014999999999999875 0 0.01</Position>
<Axis>1.7587360435799697e-016 -1 0</Axis>
</ConstraintGeometry>
</Coincident>
<Coincident name="Coincident13">
<ConstraintGeometry geomType="plane">
<InstancePath>
<Uid>base-1</Uid>
</InstancePath>
<Position>-0.025999999999999988 0.0079239769318221534 0.0086212696699472097</Position>
<Axis>0 0 -0.99999999999999978</Axis>
</ConstraintGeometry>
<ConstraintGeometry geomType="plane">
<InstancePath>
<Uid>q1-1</Uid>
</InstancePath>
<Position>-0.0014999999999999875 -0.0019999999999999948 0.01</Position>
<Axis>1 1.0842021724854965e-016 0</Axis>
</ConstraintGeometry>
</Coincident>
<Concentric name="Concentric14">
<ConstraintGeometry geomType="cylinder">
<InstancePath>
<Uid>q1-1</Uid>
</InstancePath>
<Position>0.0049999999999999975 0.013999999999999999 0.0049999999999999992</Position>
<Axis>-1 0 0</Axis>
</ConstraintGeometry>
<ConstraintGeometry geomType="cylinder">
<InstancePath>
<Uid>q2-1</Uid>
</InstancePath>
<Position>0 0 0.014999999999999999</Position>
<Axis>0 0 -1</Axis>
</ConstraintGeometry>
</Concentric>
<Coincident name="Coincident14">
<ConstraintGeometry geomType="plane">
<InstancePath>
<Uid>base-1</Uid>
</InstancePath>
<Position>0 0 0.0050000000000000044</Position>
<Axis>0 0 0.99999999999999978</Axis>
</ConstraintGeometry>
<ConstraintGeometry geomType="plane">
<InstancePath>
<Uid>q2-1</Uid>
</InstancePath>
<Position>0 0 0</Position>
<Axis>0 0 -1</Axis>
</ConstraintGeometry>
</Coincident>
<Concentric name="Concentric15">
<ConstraintGeometry geomType="cylinder">
<InstancePath>
<Uid>q3-1</Uid>
</InstancePath>
<Position>-0.0040000000000000053 0 0</Position>
<Axis>1.0000000000000002 2.2673196635891416e-016 0</Axis>
</ConstraintGeometry>
<ConstraintGeometry geomType="cylinder">
<InstancePath>
<Uid>q2-1</Uid>
</InstancePath>
<Position>0.0040000000000000036 0.02013255177566222 0.0050000000000000044</Position>
<Axis>1.0000000000000002 -1.3877787807814457e-016 0</Axis>
</ConstraintGeometry>
</Concentric>
<Coincident name="Coincident15">
<ConstraintGeometry geomType="plane">
<InstancePath>
<Uid>q3-1</Uid>
</InstancePath>
<Position>0.0040000000000000018 0 0</Position>
<Axis>1.0000000000000002 2.2673196635891416e-016 0</Axis>
</ConstraintGeometry>
<ConstraintGeometry geomType="plane">
<InstancePath>
<Uid>q2-1</Uid>
</InstancePath>
<Position>-0.0040000000000000053 0 0</Position>
<Axis>1.0000000000000002 1.5265566588595902e-016 0</Axis>
</ConstraintGeometry>
</Coincident>
<Concentric name="Concentric18">
<ConstraintGeometry geomType="cylinder">
<InstancePath>
<Uid>palm-1</Uid>
</InstancePath>
<Position>-0.026327954479982305 0.046999999999999972 0.015817186246689749</Position>
<Axis>0 7.234835421361193e-016 -1</Axis>
</ConstraintGeometry>
<ConstraintGeometry geomType="cylinder">
<InstancePath>
<Uid>mid-2</Uid>
</InstancePath>
<Position>0 0 0.014999999999999999</Position>
<Axis>0 0 -0.99999999999999989</Axis>
</ConstraintGeometry>
</Concentric>
<Concentric name="Concentric19">
<ConstraintGeometry geomType="cylinder">
<InstancePath>
<Uid>In1-1</Uid>
</InstancePath>
<Position>-0.0045000000000000005 -0.0020000000000000018 0</Position>
<Axis>1 0 0</Axis>
</ConstraintGeometry>
<ConstraintGeometry geomType="cylinder">
<InstancePath>
<Uid>mid-2</Uid>
</InstancePath>
<Position>0 -0.0050000000000000044 0.013499999999999998</Position>
<Axis>0 1 0</Axis>
</ConstraintGeometry>
</Concentric>
<Distance name="Distance4">
<ConstraintGeometry geomType="plane">
<InstancePath>
<Uid>mid-2</Uid>
</InstancePath>
<Position>0 0.0050000000000000062 0.013499999999999998</Position>
<Axis>0 1 0</Axis>
</ConstraintGeometry>
<ConstraintGeometry geomType="plane">
<InstancePath>
<Uid>In1-1</Uid>
</InstancePath>
<Position>-0.0045000000000000005 -0.0020000000000000018 0</Position>
<Axis>-1 0 0</Axis>
</ConstraintGeometry>
</Distance>
<Distance name="Distance5">
<ConstraintGeometry geomType="plane">
<InstancePath>
<Uid>mid-2</Uid>
</InstancePath>
<Position>0 0 0.014999999999999999</Position>
<Axis>0 0 0.99999999999999989</Axis>
</ConstraintGeometry>
<ConstraintGeometry geomType="plane">
<InstancePath>
<Uid>palm-1</Uid>
</InstancePath>
<Position>-0.040500000000000001 0.027047009932361171 0.00581718624668974</Position>
<Axis>0 7.234835421361193e-016 -1</Axis>
</ConstraintGeometry>
</Distance>
<Concentric name="Concentric20">
<ConstraintGeometry geomType="cylinder">
<InstancePath>
<Uid>q6-1</Uid>
</InstancePath>
<Position>-0.0014999999999999961 0 0.0070000000000000062</Position>
<Axis>-1 1.307216299662818e-016 0</Axis>
</ConstraintGeometry>
<ConstraintGeometry geomType="cylinder">
<InstancePath>
<Uid>q7-1</Uid>
</InstancePath>
<Position>0 0.023354101966249707 0.00050000000000000218</Position>
<Axis>0 0 1</Axis>
</ConstraintGeometry>
</Concentric>
<Coincident name="Coincident18">
<ConstraintGeometry geomType="plane">
<InstancePath>
<Uid>q6-1</Uid>
</InstancePath>
<Position>-0.0014999999999999961 0 0.0063518915196452835</Position>
<Axis>1 -1.307216299662818e-016 0</Axis>
</ConstraintGeometry>
<ConstraintGeometry geomType="plane">
<InstancePath>
<Uid>q7-1</Uid>
</InstancePath>
<Position>0 0.023354101966249693 0.0035000000000000014</Position>
<Axis>0 0 1</Axis>
</ConstraintGeometry>
</Coincident>
<Concentric name="Concentric21">
<ConstraintGeometry geomType="cylinder">
<InstancePath>
<Uid>I2-1</Uid>
</InstancePath>
<Position>0 0.015200000000000005 0.010000000000000009</Position>
<Axis>0 0 -1</Axis>
</ConstraintGeometry>
<ConstraintGeometry geomType="cylinder">
<InstancePath>
<Uid>fix-1</Uid>
</InstancePath>
<Position>0 -0.0015000000000000152 -0.0065000000000000058</Position>
<Axis>0 0 1</Axis>
</ConstraintGeometry>
</Concentric>
<Concentric name="Concentric22">
<ConstraintGeometry geomType="cylinder">
<InstancePath>
<Uid>I2-1</Uid>
</InstancePath>
<Position>0 0.012200000000000016 0.010000000000000009</Position>
<Axis>0 0 -1</Axis>
</ConstraintGeometry>
<ConstraintGeometry geomType="cylinder">
<InstancePath>
<Uid>fix-1</Uid>
</InstancePath>
<Position>0 0.0015000000000000013 -0.0065000000000000058</Position>
<Axis>0 0 1</Axis>
</ConstraintGeometry>
</Concentric>
<Coincident name="Coincident19">
<ConstraintGeometry geomType="plane">
<InstancePath>
<Uid>I2-1</Uid>
</InstancePath>
<Position>0 0.015199999999999991 0</Position>
<Axis>0 0 1</Axis>
</ConstraintGeometry>
<ConstraintGeometry geomType="plane">
<InstancePath>
<Uid>fix-1</Uid>
</InstancePath>
<Position>0 -0.0015000000000000152 -0.0065000000000000058</Position>
<Axis>0 0 -1</Axis>
</ConstraintGeometry>
</Coincident>
<Concentric name="Concentric23">
<ConstraintGeometry geomType="cylinder">
<InstancePath>
<Uid>q7-1</Uid>
</InstancePath>
<Position>0 0 0.0039999999999999983</Position>
<Axis>0 0 -1</Axis>
</ConstraintGeometry>
<ConstraintGeometry geomType="cylinder">
<InstancePath>
<Uid>fix-1</Uid>
</InstancePath>
<Position>0.00050000000000000044 0 0.0061093476939430985</Position>
<Axis>-1.0000000000000002 0 0</Axis>
</ConstraintGeometry>
</Concentric>
</Constraints>
</RootAssembly>
<Assemblies>
</Assemblies>
<Parts>
<Part name="I2" uid="I2*:*Default" version="297">
<ModelUnits mass="kilogram" length="millimeter"/>
<PartFile name="I2.SLDPRT" type="SolidWorks Part"/>
<MassProperties>
<Mass>0.0032624173062069423</Mass>
<CenterOfMass>-2.08161336754873e-006 0.011140741064509432 0.00050254859861713591</CenterOfMass>
<Inertia>1.6696164082862809e-007 8.4651742026101333e-008 1.9998360641650987e-007 2.7335109619600683e-009 2.4823227945378907e-010 9.5535689756062926e-012</Inertia>
</MassProperties>
<GeometryFile name="I2_Default_sldprt.STL" type="STL"/>
<VisualProperties>
<Ambient r="0.792156862745098" g="0.81960784313725488" b="0.93333333333333335" a="1"/>
<Diffuse r="0.792156862745098" g="0.81960784313725488" b="0.93333333333333335" a="1"/>
<Specular r="0.396078431372549" g="0.40980392156862744" b="0.46666666666666667" a="1"/>
<Emissive r="0" g="0" b="0" a="1"/>
<Shininess>0.40000000596046448</Shininess>
</VisualProperties>
</Part>
<Part name="I3" uid="I3*:*Default" version="417">
<ModelUnits mass="kilogram" length="millimeter"/>
<PartFile name="I3.SLDPRT" type="SolidWorks Part"/>
<MassProperties>
<Mass>0.0030914549012567437</Mass>
<CenterOfMass>-1.4832810717779848e-006 0.013712230524174508 0.00018590456066817863</CenterOfMass>
<Inertia>2.2837887642193412e-007 5.8054854312588224e-008 2.5191980497312346e-007 6.5379647580508396e-009 2.0988055851506846e-010 -3.6074223017893564e-011</Inertia>
</MassProperties>
<GeometryFile name="I3_Default_sldprt.STL" type="STL"/>
<VisualProperties>
<Ambient r="0.792156862745098" g="0.81960784313725488" b="0.93333333333333335" a="1"/>
<Diffuse r="0.792156862745098" g="0.81960784313725488" b="0.93333333333333335" a="1"/>
<Specular r="0.396078431372549" g="0.40980392156862744" b="0.46666666666666667" a="1"/>
<Emissive r="0" g="0" b="0" a="1"/>
<Shininess>0.40000000596046448</Shininess>
</VisualProperties>
</Part>
<Part name="In1" uid="In1*:*Default" version="577">
<ModelUnits mass="kilogram" length="millimeter"/>
<PartFile name="In1.SLDPRT" type="SolidWorks Part"/>
<MassProperties>
<Mass>0.0064975657681174649</Mass>
<CenterOfMass>-5.7899001461855171e-007 0.016760520733135689 0.00043712620085837846</CenterOfMass>
<Inertia>6.6898447406185329e-007 2.1984534987189436e-007 7.4327621171335541e-007 5.7993582356282567e-009 3.9657798048158071e-010 3.5100138181322238e-011</Inertia>
</MassProperties>
<GeometryFile name="In1_Default_sldprt.STL" type="STL"/>
<VisualProperties>
<Ambient r="1" g="0.74117647058823533" b="0.46666666666666667" a="1"/>
<Diffuse r="1" g="0.74117647058823533" b="0.46666666666666667" a="1"/>
<Specular r="0.5" g="0.37058823529411766" b="0.23333333333333334" a="1"/>
<Emissive r="0" g="0" b="0" a="1"/>
<Shininess>0.40000000596046448</Shininess>
</VisualProperties>
</Part>
<Part name="base" uid="base*:*Default" version="200">
<ModelUnits mass="kilogram" length="millimeter"/>
<PartFile name="base.SLDPRT" type="SolidWorks Part"/>
<MassProperties>
<Mass>0.032981843544063263</Mass>
<CenterOfMass>0.0052521164616634837 -0.0043903335936403276 0.0029449809695613711</CenterOfMass>
<Inertia>2.0733162920843249e-005 1.3390019899608156e-005 3.3466515913934581e-005 -1.6046926330110847e-007 -2.7715791545458048e-008 -1.0909766691179668e-007</Inertia>
</MassProperties>
<GeometryFile name="base_Default_sldprt.STL" type="STL"/>
<VisualProperties>
<Ambient r="0.792156862745098" g="0.81960784313725488" b="0.93333333333333335" a="1"/>
<Diffuse r="0.792156862745098" g="0.81960784313725488" b="0.93333333333333335" a="1"/>
<Specular r="0.396078431372549" g="0.40980392156862744" b="0.46666666666666667" a="1"/>
<Emissive r="0" g="0" b="0" a="1"/>
<Shininess>0.40000000596046448</Shininess>
</VisualProperties>
</Part>
<Part name="fix" uid="fix*:*Default" version="158">
<ModelUnits mass="kilogram" length="millimeter"/>
<PartFile name="fix.SLDPRT" type="SolidWorks Part"/>
<MassProperties>
<Mass>9.6687254846428524e-005</Mass>
<CenterOfMass>0 0 -0.00010567000028714491</CenterOfMass>
<Inertia>1.3684954972783963e-009 1.1944622784082388e-009 2.9376132951011671e-010 0 0 0</Inertia>
</MassProperties>
<GeometryFile name="fix_Default_sldprt.STL" type="STL"/>
<VisualProperties>
<Ambient r="0.792156862745098" g="0.81960784313725488" b="0.93333333333333335" a="1"/>
<Diffuse r="0.792156862745098" g="0.81960784313725488" b="0.93333333333333335" a="1"/>
<Specular r="0.396078431372549" g="0.40980392156862744" b="0.46666666666666667" a="1"/>
<Emissive r="0" g="0" b="0" a="1"/>
<Shininess>0.40000000596046448</Shininess>
</VisualProperties>
</Part>
<Part name="mid" uid="mid*:*Default" version="133">
<ModelUnits mass="kilogram" length="millimeter"/>
<PartFile name="mid.SLDPRT" type="SolidWorks Part"/>
<MassProperties>
<Mass>0.00015935233732753784</Mass>
<CenterOfMass>1.5816039543659383e-009 -7.2730310976541019e-010 0.0095039795240719361</CenterOfMass>
<Inertia>3.9301025263289578e-009 3.3824776197422934e-009 7.308986403153176e-010 0 0 0</Inertia>
</MassProperties>
<GeometryFile name="mid_Default_sldprt.STL" type="STL"/>
<VisualProperties>
<Ambient r="0.792156862745098" g="0.81960784313725488" b="0.93333333333333335" a="1"/>
<Diffuse r="0.792156862745098" g="0.81960784313725488" b="0.93333333333333335" a="1"/>
<Specular r="0.396078431372549" g="0.40980392156862744" b="0.46666666666666667" a="1"/>
<Emissive r="0" g="0" b="0" a="1"/>
<Shininess>0.40000000596046448</Shininess>
</VisualProperties>
</Part>
<Part name="palm" uid="palm*:*Default" version="703">
<ModelUnits mass="kilogram" length="millimeter"/>
<PartFile name="palm.SLDPRT" type="SolidWorks Part"/>
<MassProperties>
<Mass>0.18769004009871329</Mass>
<CenterOfMass>0.00068279404819553558 0.00072580793219088468 -0.0030158269459646058</CenterOfMass>
<Inertia>0.00017976357114107076 0.00010977046624822951 0.0002703904396529722 -6.4099509135915837e-006 4.437933008443508e-007 -2.3327321370661692e-005</Inertia>
</MassProperties>
<GeometryFile name="palm_Default_sldprt.STL" type="STL"/>
<VisualProperties>
<Ambient r="0.792156862745098" g="0.81960784313725488" b="0.93333333333333335" a="1"/>
<Diffuse r="0.792156862745098" g="0.81960784313725488" b="0.93333333333333335" a="1"/>
<Specular r="0.396078431372549" g="0.40980392156862744" b="0.46666666666666667" a="1"/>
<Emissive r="0" g="0" b="0" a="1"/>
<Shininess>0.40000000596046448</Shininess>
</VisualProperties>
</Part>
<Part name="q1" uid="q1*:*Default" version="155">
<ModelUnits mass="kilogram" length="millimeter"/>
<PartFile name="q1.SLDPRT" type="SolidWorks Part"/>
<MassProperties>
<Mass>0.0011049207336178504</Mass>
<CenterOfMass>0 0.0051053597619632679 0.0049999999999999992</CenterOfMass>
<Inertia>5.2386961469150965e-008 3.0634588116268908e-008 3.2785310008864383e-008 0 0 0</Inertia>
</MassProperties>
<GeometryFile name="q1_Default_sldprt.STL" type="STL"/>
<VisualProperties>
<Ambient r="0.792156862745098" g="0.81960784313725488" b="0.93333333333333335" a="1"/>
<Diffuse r="0.792156862745098" g="0.81960784313725488" b="0.93333333333333335" a="1"/>
<Specular r="0.396078431372549" g="0.40980392156862744" b="0.46666666666666667" a="1"/>
<Emissive r="0" g="0" b="0" a="1"/>
<Shininess>0.40000000596046448</Shininess>
</VisualProperties>
</Part>
<Part name="q2" uid="q2*:*Default" version="340">
<ModelUnits mass="kilogram" length="millimeter"/>
<PartFile name="q2.SLDPRT" type="SolidWorks Part"/>
<MassProperties>
<Mass>0.0029222867184925004</Mass>
<CenterOfMass>0 0.0081178909753822914 0.0063168522034707355</CenterOfMass>
<Inertia>2.979886292709455e-007 1.1826335374842516e-007 3.0330597890930586e-007 3.6651761343133659e-008 0 0</Inertia>
</MassProperties>
<GeometryFile name="q2_Default_sldprt.STL" type="STL"/>
<VisualProperties>
<Ambient r="0.792156862745098" g="0.81960784313725488" b="0.93333333333333335" a="1"/>
<Diffuse r="0.792156862745098" g="0.81960784313725488" b="0.93333333333333335" a="1"/>
<Specular r="0.396078431372549" g="0.40980392156862744" b="0.46666666666666667" a="1"/>
<Emissive r="0" g="0" b="0" a="1"/>
<Shininess>0.40000000596046448</Shininess>
</VisualProperties>
</Part>
<Part name="q3" uid="q3*:*Default" version="160">
<ModelUnits mass="kilogram" length="millimeter"/>
<PartFile name="q3.SLDPRT" type="SolidWorks Part"/>
<MassProperties>
<Mass>0.00070135658750800176</Mass>
<CenterOfMass>0 0 0.0098526191035236792</CenterOfMass>
<Inertia>7.3730595339299548e-008 7.4319327294530813e-008 3.6222900539834023e-009 0 0 0</Inertia>
</MassProperties>
<GeometryFile name="q3_Default_sldprt.STL" type="STL"/>
<VisualProperties>
<Ambient r="1" g="1" b="1" a="1"/>
<Diffuse r="1" g="1" b="1" a="1"/>
<Specular r="0.5" g="0.5" b="0.5" a="1"/>
<Emissive r="0" g="0" b="0" a="1"/>
<Shininess>0.40000000596046448</Shininess>
</VisualProperties>
</Part>
<Part name="q4" uid="q4*:*Default" version="191">
<ModelUnits mass="kilogram" length="millimeter"/>
<PartFile name="q4.SLDPRT" type="SolidWorks Part"/>
<MassProperties>
<Mass>0.00019262125198748632</Mass>
<CenterOfMass>0 4.3983374534187411e-010 0.00045740834679868343</CenterOfMass>
<Inertia>1.6966087105650705e-009 2.2429613184815987e-009 1.9794184778060854e-009 0 0 0</Inertia>
</MassProperties>
<GeometryFile name="q4_Default_sldprt.STL" type="STL"/>
<VisualProperties>
<Ambient r="0.792156862745098" g="0.81960784313725488" b="0.93333333333333335" a="1"/>
<Diffuse r="0.792156862745098" g="0.81960784313725488" b="0.93333333333333335" a="1"/>
<Specular r="0.396078431372549" g="0.40980392156862744" b="0.46666666666666667" a="1"/>
<Emissive r="0" g="0" b="0" a="1"/>
<Shininess>0.40000000596046448</Shininess>
</VisualProperties>
</Part>
<Part name="q5" uid="q5*:*Default" version="153">
<ModelUnits mass="kilogram" length="millimeter"/>
<PartFile name="q5.SLDPRT" type="SolidWorks Part"/>
<MassProperties>
<Mass>0.00095112388980384726</Mass>
<CenterOfMass>0 0 0.0017235245910747221</CenterOfMass>
<Inertia>8.0789167410653557e-008 9.8806718514381591e-009 8.2414724170783989e-008 0 0 0</Inertia>
</MassProperties>
<GeometryFile name="q5_Default_sldprt.STL" type="STL"/>
<VisualProperties>
<Ambient r="0.792156862745098" g="0.81960784313725488" b="0.93333333333333335" a="1"/>
<Diffuse r="0.792156862745098" g="0.81960784313725488" b="0.93333333333333335" a="1"/>
<Specular r="0.396078431372549" g="0.40980392156862744" b="0.46666666666666667" a="1"/>
<Emissive r="0" g="0" b="0" a="1"/>
<Shininess>0.40000000596046448</Shininess>
</VisualProperties>
</Part>
<Part name="q6" uid="q6*:*Default" version="168">
<ModelUnits mass="kilogram" length="millimeter"/>
<PartFile name="q6.SLDPRT" type="SolidWorks Part"/>
<MassProperties>
<Mass>0.00037531776387590764</Mass>
<CenterOfMass>1.190949739098412e-010 0.0045785824215923776 0.0038918644308944682</CenterOfMass>
<Inertia>3.6049225998467691e-008 1.2609848993390127e-008 2.4610693080514369e-008 -1.4473782991902479e-008 0 9.7711253663320452e-016</Inertia>
</MassProperties>
<GeometryFile name="q6_Default_sldprt.STL" type="STL"/>
<VisualProperties>
<Ambient r="0.792156862745098" g="0.81960784313725488" b="0.93333333333333335" a="1"/>
<Diffuse r="0.792156862745098" g="0.81960784313725488" b="0.93333333333333335" a="1"/>
<Specular r="0.396078431372549" g="0.40980392156862744" b="0.46666666666666667" a="1"/>
<Emissive r="0" g="0" b="0" a="1"/>
<Shininess>0.40000000596046448</Shininess>
</VisualProperties>
</Part>
<Part name="q7" uid="q7*:*Default" version="178">
<ModelUnits mass="kilogram" length="millimeter"/>
<PartFile name="q7.SLDPRT" type="SolidWorks Part"/>
<MassProperties>
<Mass>0.00030217923749766446</Mass>
<CenterOfMass>-1.6257696835878283e-005 0.012701090395100981 0.0020000000000000525</CenterOfMass>
<Inertia>2.7289565036746028e-008 9.0740818935850393e-010 2.7574619134554702e-008 0 0 3.5276238428783895e-011</Inertia>
</MassProperties>
<GeometryFile name="q7_Default_sldprt.STL" type="STL"/>
<VisualProperties>
<Ambient r="0.792156862745098" g="0.81960784313725488" b="0.93333333333333335" a="1"/>
<Diffuse r="0.792156862745098" g="0.81960784313725488" b="0.93333333333333335" a="1"/>
<Specular r="0.396078431372549" g="0.40980392156862744" b="0.46666666666666667" a="1"/>
<Emissive r="0" g="0" b="0" a="1"/>
<Shininess>0.40000000596046448</Shininess>
</VisualProperties>
</Part>
</Parts>
</SimMechanicsImportXML>
